version https://git-lfs.github.com/spec/v1
oid sha256:a0a94cb4ffc9151bc8fa65c7e86d09011b86cc719dc96d029c37535eb269e17d
size 60001
