version https://git-lfs.github.com/spec/v1
oid sha256:f1d26c4a7da7924db3f6f9d0b464c9889cce62a2bfea882834891563252df586
size 59590
