version https://git-lfs.github.com/spec/v1
oid sha256:d3767d162971ecfc83951a9fd6ea15b65efbc0a539072d77a56ca60e50235516
size 57660
